new id	Chromosome	Start	End	strand
1	chr10	103660200	103660800	1
2	chr2	85123800	85124000	1
3	chr3	129296400	129297400	1
4	chr8	10990600	10992000	1
5	chr16	67841600	67841800	1
6	chr17	79564800	79566000	1
7	chr1	226870400	226871600	1
8	chr1	232726800	232727000	1
9	chr2	203534400	203535200	1
10	chr3	124653800	124654600	1
11	chr3	175196000	175196400	1
12	chr3	195907200	195907600	1
13	chr4	792200	792600	1
14	chr4	6942600	6943200	1
15	chr6	2857000	2858200	1
16	chr6	7073600	7073800	1
17	chr8	81279800	81280400	1
18	chr8	126429800	126430600	1
19	chr11	64918600	64920800	1
20	chr14	106158000	106158400	1
21	chr16	68403800	68404400	1
22	chr16	89098200	89099000	1
23	chr17	1284000	1284600	1
24	chr17	33358400	33360600	1
25	chr17	36813200	36814000	1
26	chr20	56347600	56348000	1
27	chr1	31486000	31486400	1
28	chr1	153706000	153707000	1
29	chr1	245083000	245084200	1
30	chr5	179110600	179111600	1
31	chr9	199600	200000	1
32	chr11	111990200	111991000	1
33	chr12	14410800	14411200	1
34	chr14	103824000	103824200	1
35	chr14	105162000	105162200	1
36	chr16	29703000	29703400	1
37	chr16	85115800	85116000	1
38	chr17	42495400	42496200	1
39	chr18	74778000	74779200	1
40	chr19	4815400	4815800	1
41	chr22	35544000	35544600	1
42	chr22	43063400	43063600	1
43	chr21	45562200	45562600	1
44	chr8	116459200	116459600	1
45	chr19	38452000	38453000	1
46	chr18	11500400	11500800	1
47	chr22	47395600	47396200	1
48	chr17	1724200	1724600	1
49	chr9	859000	859800	1
50	chr16	31005800	31006200	1
51	chr17	77034400	77034600	1
52	chr1	204386600	204387400	1
53	chr18	11109000	11109200	1
54	chr7	158394200	158395800	1
55	chr11	14259200	14259600	1
56	chr11	46238000	46238200	1
57	chr12	27779200	27780000	1
58	chr16	23301800	23302400	1
59	chr16	89097600	89098000	1
60	chr19	4872000	4872400	1
61	chr19	18518800	18519400	1
62	chr19	55062800	55063800	1
63	chr4	40175600	40176000	1
64	chr8	143407800	143408200	1
65	chr9	22176000	22176400	1
66	chr9	35657000	35657200	1
67	chr13	30719800	30721400	1
68	chr14	76383800	76384200	1
69	chr19	7225600	7226200	1
70	chr19	55118200	55119000	1
71	chr19	17244400	17244800	1
72	chr11	1405400	1406200	1
73	chr5	156351400	156352200	1
74	chr6	153800	154200	1
75	chr10	79171000	79172200	1
76	chr10	116259800	116260600	1
77	chr12	6421600	6422800	1
78	chr12	120911800	120912800	1
79	chr13	109814000	109814200	1
80	chr16	57410800	57411000	1
81	chr17	7994200	7994400	1
82	chr17	78526000	78527400	1
83	chr19	7473600	7474000	1
84	chr20	61372400	61372800	1
85	chr22	41821200	41821600	1
86	chr19	49717800	49718400	1
87	chr9	5851400	5852000	1
88	chr7	73618800	73620000	1
89	chr17	26600800	26602600	1
90	chr1	40818600	40819600	1
91	chr19	1364000	1364600	1
92	chr9	126702800	126703800	1
93	chr19	2052400	2052800	1
94	chr10	79253000	79253400	1
95	chr9	7150200	7150400	1
96	chr2	32926800	32927600	1
97	chr2	97714000	97714200	1
98	chr11	120794600	120796000	1
99	chr12	31357800	31358400	1
100	chr19	33772000	33772200	1
101	chr19	35812000	35812200	1
102	chr9	7149600	7150200	1
103	chr10	103660200	103660800	0
104	chr2	85123800	85124000	0
105	chr3	129296400	129297400	0
106	chr8	10990600	10992000	0
107	chr16	67841600	67841800	0
108	chr17	79564800	79566000	0
109	chr1	226870400	226871600	0
110	chr1	232726800	232727000	0
111	chr2	203534400	203535200	0
112	chr3	124653800	124654600	0
113	chr3	175196000	175196400	0
114	chr3	195907200	195907600	0
115	chr4	792200	792600	0
116	chr4	6942600	6943200	0
117	chr6	2857000	2858200	0
118	chr6	7073600	7073800	0
119	chr8	81279800	81280400	0
120	chr8	126429800	126430600	0
121	chr11	64918600	64920800	0
122	chr14	106158000	106158400	0
123	chr16	68403800	68404400	0
124	chr16	89098200	89099000	0
125	chr17	1284000	1284600	0
126	chr17	33358400	33360600	0
127	chr17	36813200	36814000	0
128	chr20	56347600	56348000	0
129	chr1	31486000	31486400	0
130	chr1	153706000	153707000	0
131	chr1	245083000	245084200	0
132	chr5	179110600	179111600	0
133	chr9	199600	200000	0
134	chr11	111990200	111991000	0
135	chr12	14410800	14411200	0
136	chr14	103824000	103824200	0
137	chr14	105162000	105162200	0
138	chr16	29703000	29703400	0
139	chr16	85115800	85116000	0
140	chr17	42495400	42496200	0
141	chr18	74778000	74779200	0
142	chr19	4815400	4815800	0
143	chr22	35544000	35544600	0
144	chr22	43063400	43063600	0
145	chr21	45562200	45562600	0
146	chr8	116459200	116459600	0
147	chr19	38452000	38453000	0
148	chr18	11500400	11500800	0
149	chr22	47395600	47396200	0
150	chr17	1724200	1724600	0
151	chr9	859000	859800	0
152	chr16	31005800	31006200	0
153	chr17	77034400	77034600	0
154	chr1	204386600	204387400	0
155	chr18	11109000	11109200	0
156	chr7	158394200	158395800	0
157	chr11	14259200	14259600	0
158	chr11	46238000	46238200	0
159	chr12	27779200	27780000	0
160	chr16	23301800	23302400	0
161	chr16	89097600	89098000	0
162	chr19	4872000	4872400	0
163	chr19	18518800	18519400	0
164	chr19	55062800	55063800	0
165	chr4	40175600	40176000	0
166	chr8	143407800	143408200	0
167	chr9	22176000	22176400	0
168	chr9	35657000	35657200	0
169	chr13	30719800	30721400	0
170	chr14	76383800	76384200	0
171	chr19	7225600	7226200	0
172	chr19	55118200	55119000	0
173	chr19	17244400	17244800	0
174	chr11	1405400	1406200	0
175	chr5	156351400	156352200	0
176	chr6	153800	154200	0
177	chr10	79171000	79172200	0
178	chr10	116259800	116260600	0
179	chr12	6421600	6422800	0
180	chr12	120911800	120912800	0
181	chr13	109814000	109814200	0
182	chr16	57410800	57411000	0
183	chr17	7994200	7994400	0
184	chr17	78526000	78527400	0
185	chr19	7473600	7474000	0
186	chr20	61372400	61372800	0
187	chr22	41821200	41821600	0
188	chr19	49717800	49718400	0
189	chr9	5851400	5852000	0
190	chr7	73618800	73620000	0
191	chr17	26600800	26602600	0
192	chr1	40818600	40819600	0
193	chr19	1364000	1364600	0
194	chr9	126702800	126703800	0
195	chr19	2052400	2052800	0
196	chr10	79253000	79253400	0
197	chr9	7150200	7150400	0
198	chr2	32926800	32927600	0
199	chr2	97714000	97714200	0
200	chr11	120794600	120796000	0
201	chr12	31357800	31358400	0
202	chr19	33772000	33772200	0
203	chr19	35812000	35812200	0
204	chr9	7149600	7150200	0
205	chr2	236366600	236368200	1
206	chr1	117929000	117929800	1
207	chr2	3368800	3369600	1
208	chr3	129296800	129297200	1
209	chr3	129343200	129345000	1
210	chr4	75277200	75277400	1
211	chr6	13272400	13273400	1
212	chr10	22506400	22506600	1
213	chr14	93787600	93787800	1
214	chr14	93787800	93788200	1
215	chr14	105842800	105843600	1
216	chr16	67841600	67841800	1
217	chr17	65154800	65155200	1
218	chr21	45258200	45258400	1
219	chr22	50200000	50200200	1
220	chr1	109371000	109371200	1
221	chr1	154461200	154462600	1
222	chr2	121695000	121696400	1
223	chr2	219284400	219285400	1
224	chr3	13933000	13933600	1
225	chr3	20008600	20009600	1
226	chr3	142947000	142948400	1
227	chr3	184468400	184469200	1
228	chr3	194270600	194271400	1
229	chr3	195907400	195908000	1
230	chr5	1539600	1540000	1
231	chr5	180591200	180591400	1
232	chr6	2908800	2909200	1
233	chr6	7073600	7074000	1
234	chr6	34523400	34524800	1
235	chr6	42110400	42111200	1
236	chr7	2997600	2998000	1
237	chr7	20371000	20371200	1
238	chr7	43826200	43826800	1
239	chr7	129433400	129433600	1
240	chr8	9034600	9035000	1
241	chr8	126429600	126430400	1
242	chr9	111897200	111898000	1
243	chr11	9552200	9552400	1
244	chr11	59447800	59448400	1
245	chr11	66150200	66150600	1
246	chr11	75801000	75801400	1
247	chr12	123736800	123737400	1
248	chr16	29284800	29287400	1
249	chr16	57892800	57893000	1
250	chr17	33358800	33359200	1
251	chr17	36811800	36814200	1
252	chr17	47857600	47858200	1
253	chr17	48787400	48788600	1
254	chr17	76275600	76276600	1
255	chr17	79274000	79274400	1
256	chr19	13094600	13095000	1
257	chr19	16263000	16263800	1
258	chr19	18396600	18397800	1
259	chr19	19514000	19514800	1
260	chr19	50643000	50644000	1
261	chr21	35342200	35345200	1
262	chr22	50622400	50623000	1
263	chr17	2689800	2690000	1
264	chr1	245083800	245084400	1
265	chr3	196500600	196501000	1
266	chr6	4889200	4889400	1
267	chr6	160386600	160388000	1
268	chr12	14410400	14411800	1
269	chr12	124871200	124871600	1
270	chr13	30982200	30982800	1
271	chr13	95619600	95620000	1
272	chr14	103823400	103825200	1
273	chr14	105532000	105534000	1
274	chr15	82325800	82326200	1
275	chr16	30506200	30507000	1
276	chr16	89231400	89232400	1
277	chr17	2690000	2690200	1
278	chr17	73507600	73507800	1
279	chr17	78960800	78962400	1
280	chr18	1852200	1852400	1
281	chr19	45716400	45716800	1
282	chr19	56114800	56115400	1
283	chr20	3117600	3117800	1
284	chr2	9473600	9474200	1
285	chr3	197030200	197030600	1
286	chr5	176741000	176743400	1
287	chr16	88700200	88700600	1
288	chr18	6781400	6781600	1
289	chr6	27235600	27236200	1
290	chr16	29663800	29665800	1
291	chr9	5851400	5851800	1
292	chr9	7055800	7056000	1
293	chr17	79361800	79363000	1
294	chr9	127838000	127838800	1
295	chr1	53512600	53514200	1
296	chr12	111234600	111235200	1
297	chr7	2758000	2758600	1
298	chr20	62409400	62410200	1
299	chr19	55083400	55083800	1
300	chr16	31005800	31006000	1
301	chr1	227125600	227127000	1
302	chr1	31588400	31589000	1
303	chr11	307600	307800	1
304	chr1	9834600	9835200	1
305	chr9	6412400	6412600	1
306	chr2	120580600	120581200	1
307	chr11	64701000	64703200	1
308	chr21	45225200	45226000	1
309	chr17	234800	235000	1
310	chr19	4871200	4872400	1
311	chr19	8097600	8099800	1
312	chr19	18518800	18519400	1
313	chr20	23118800	23120200	1
314	chr2	240736000	240736400	1
315	chr19	5125400	5125800	1
316	chr16	84557800	84558000	1
317	chr17	79608800	79610000	1
318	chr19	13117400	13118000	1
319	chr16	706600	707200	1
320	chr1	112204800	112205000	1
321	chr3	127456600	127457800	1
322	chr4	13527400	13527600	1
323	chr11	75266000	75266800	1
324	chr12	107094200	107094600	1
325	chr16	20941000	20941400	1
326	chr17	21043400	21043800	1
327	chr17	32256200	32257000	1
328	chr17	61677200	61677400	1
329	chr17	74273400	74273800	1
330	chr9	95400	95600	1
331	chr1	6325000	6325600	1
332	chr19	18092800	18093800	1
333	chr19	39693800	39695000	1
334	chr1	21967400	21967800	1
335	chr1	153955400	153955600	1
336	chr2	33242400	33243400	1
337	chr2	47618800	47619200	1
338	chr5	5558600	5559200	1
339	chr5	132585600	132585800	1
340	chr6	5103400	5104200	1
341	chr7	898200	898400	1
342	chr7	95869200	95870400	1
343	chr7	107724800	107725200	1
344	chr12	57373400	57373800	1
345	chr12	120911400	120912800	1
346	chr14	74408400	74409000	1
347	chr16	18927400	18930000	1
348	chr17	32261400	32262000	1
349	chr17	38479800	38481400	1
350	chr18	9285000	9285200	1
351	chr18	12616400	12616600	1
352	chr19	7472800	7474000	1
353	chr19	7482600	7483000	1
354	chr19	39297200	39298200	1
355	chr20	48669200	48670200	1
356	chr20	61372400	61372600	1
357	chr7	139937800	139939000	1
358	chr1	205175600	205177600	1
359	chr17	7110400	7112000	1
360	chr17	73569000	73569600	1
361	chr11	74405000	74405600	1
362	chr7	73619200	73619800	1
363	chr18	74504000	74504400	1
364	chr22	42809600	42810600	1
365	chr11	65131600	65133600	1
366	chr7	128166600	128167000	1
367	chr19	46416000	46416400	1
368	chr19	3177800	3179600	1
369	chr15	45242200	45242400	1
370	chr9	130463600	130464000	1
371	chr6	41956000	41956600	1
372	chr8	141737400	141737800	1
373	chr7	101371200	101372200	1
374	chr2	238848000	238848600	1
375	chr16	27759200	27760000	1
376	chr8	22069400	22070000	1
377	chr12	13034400	13035000	1
378	chr16	68544000	68544600	1
379	chr4	2389600	2390400	1
380	chr22	18156400	18157800	1
381	chr9	7150000	7150800	1
382	chr7	100824200	100825600	1
383	chr1	150506400	150507000	1
384	chr19	18341800	18342400	1
385	chr6	37142600	37146200	1
386	chr20	46030600	46031000	1
387	chr19	1484800	1485200	1
388	chr6	21387200	21387600	1
389	chr21	45135800	45137000	1
390	chr16	2018200	2019000	1
391	chr16	29666000	29667000	1
392	chr19	2091400	2091600	1
393	chr19	46518000	46519600	1
394	chr2	232526600	232527400	1
395	chr4	124468600	124469200	1
396	chr20	52250400	52251800	1
397	chr2	222436400	222437000	1
398	chr1	228377600	228378400	1
399	chr7	157130200	157132400	1
400	chr18	46418800	46420600	1
401	chr5	130719600	130720600	1
402	chr1	2472000	2472400	1
403	chr22	43739800	43740200	1
404	chr11	2214000	2214800	1
405	chr12	132332000	132333600	1
406	chr19	48612800	48613600	1
407	chr19	12957400	12957800	1
408	chr8	10548000	10549200	1
409	chr10	72327200	72327600	1
410	chr19	56832600	56834200	1
411	chr1	12586200	12587000	1
412	chr1	21577200	21577400	1
413	chr1	243266400	243267000	1
414	chr2	55326400	55328200	1
415	chr5	173205600	173206400	1
416	chr5	173278600	173279000	1
417	chr5	180241600	180242000	1
418	chr5	180542000	180542800	1
419	chr6	2733400	2734200	1
420	chr8	124935600	124936800	1
421	chr9	35922200	35923200	1
422	chr9	137297000	137297600	1
423	chr10	100670400	100671600	1
424	chr11	126244000	126244400	1
425	chr11	129907600	129908200	1
426	chr12	50704200	50705000	1
427	chr12	117034800	117035800	1
428	chr12	131464400	131464800	1
429	chr14	103519800	103520000	1
430	chr15	41091000	41091400	1
431	chr16	85641200	85641800	1
432	chr17	58675600	58676200	1
433	chr17	66012600	66012800	1
434	chr17	73451000	73451600	1
435	chr17	74372000	74372800	1
436	chr19	6512800	6514000	1
437	chr19	8488000	8488600	1
438	chr19	29050000	29050800	1
439	chr19	50268600	50269800	1
440	chr20	17976200	17976600	1
441	chr20	33494600	33495200	1
442	chr17	1927000	1927400	1
443	chr22	16097600	16098000	1
444	chr1	54879000	54881000	1
445	chr1	3598600	3598800	1
446	chr3	45611800	45612200	1
447	chr7	73866200	73867000	1
448	chr11	14435200	14436000	1
449	chr15	42915000	42915400	1
450	chr22	27065600	27065800	1
451	chr13	111145400	111146400	1
452	chr15	96469600	96471800	1
453	chr19	56090000	56091000	1
454	chr20	61412000	61412600	1
455	chr22	25122000	25122800	1
456	chr4	1035200	1035600	1
457	chr6	28919400	28919800	1
458	chr9	132370400	132371600	1
459	chr16	22057800	22059000	1
460	chr16	70448000	70449600	1
461	chr17	8127800	8128600	1
462	chr17	38406400	38407800	1
463	chr5	25073000	25073400	1
464	chr6	32053400	32056200	1
465	chr7	948200	948600	1
466	chr19	6607600	6609200	1
467	chr20	45829400	45830200	1
468	chr22	40047000	40047400	1
469	chr2	10198800	10201200	1
470	chr6	3288200	3289200	1
471	chr10	35695000	35697400	1
472	chr11	3532600	3537600	1
473	chr16	88632400	88633000	1
474	chr17	17508800	17509400	1
475	chr19	4988000	4989200	1
476	chr19	7505000	7505600	1
477	chr20	61047000	61047400	1
478	chr22	42344800	42345400	1
479	chr7	100045800	100046200	1
480	chr9	238200	238800	1
481	chr1	2157200	2157600	1
482	chr1	6410400	6411600	1
483	chr1	33608000	33608400	1
484	chr1	118181600	118182600	1
485	chr1	228074200	228074400	1
486	chr2	74358600	74359800	1
487	chr3	15417200	15417600	1
488	chr3	183970400	183970600	1
489	chr4	1777200	1778800	1
490	chr4	123684400	123685200	1
491	chr5	10735800	10736800	1
492	chr5	141389800	141390400	1
493	chr8	10529600	10530600	1
494	chr8	141431000	141431400	1
495	chr9	80514000	80514400	1
496	chr11	745200	745400	1
497	chr11	61783400	61784200	1
498	chr12	116889400	116889800	1
499	chr12	117496800	117498000	1
500	chr13	113871000	113871400	1
501	chr15	23700000	23700800	1
502	chr16	215400	215600	1
503	chr16	30788800	30790600	1
504	chr16	88465200	88466000	1
505	chr17	43571600	43572400	1
506	chr18	9701600	9702000	1
507	chr19	6358600	6358800	1
508	chr19	13084000	13085000	1
509	chr19	14448200	14448800	1
510	chr19	48995200	48995600	1
511	chr20	47403400	47404400	1
512	chr22	50746800	50747400	1
513	chr17	1492000	1493200	1
514	chr1	39185200	39185800	1
515	chr7	5005800	5006200	1
516	chr9	5499800	5500200	1
517	chr15	29219600	29220800	1
518	chr15	64114600	64118600	1
519	chr1	156676600	156676800	1
520	chr12	122688800	122689200	1
521	chr19	3480800	3481200	1
522	chr7	2288400	2289400	1
523	chr8	130564200	130565200	1
524	chr12	123419600	123420000	1
525	chr14	105629200	105632800	1
526	chr16	667000	667400	1
527	chr19	2028400	2028600	1
528	chr19	5432800	5433800	1
529	chr19	39019000	39019600	1
530	chr19	42425400	42426200	1
531	chr16	85436200	85437200	1
532	chr19	17976000	17977200	1
533	chr20	36743200	36743800	1
534	chr20	46043000	46043600	1
535	chr22	31690800	31691400	1
536	chr5	8011800	8012400	1
537	chr5	56507000	56507800	1
538	chr12	132121600	132124000	1
539	chr17	79620400	79621000	1
540	chr18	7574600	7575000	1
541	chr19	3586600	3587400	1
542	chr1	12208200	12209200	1
543	chr1	44300000	44301600	1
544	chr16	29710400	29712400	1
545	chr16	85723400	85724000	1
546	chr19	3812200	3813000	1
547	chr19	4610400	4610800	1
548	chr19	49334000	49335200	1
549	chr2	317600	317800	1
550	chr16	88931600	88932400	1
551	chr1	1001800	1003000	1
552	chr19	1673200	1673800	1
553	chr4	48740800	48741400	1
554	chr7	158623200	158624800	1
555	chr16	84514600	84516200	1
556	chr7	157877400	157878000	1
557	chr19	51012800	51013600	1
558	chr1	156339000	156339400	1
559	chr17	21671400	21672800	1
560	chr9	276000	276200	1
561	chr17	36187800	36188600	1
562	chr19	1451400	1451800	1
563	chr5	138718800	138720000	1
564	chr17	49012600	49013800	1
565	chr11	1051600	1052000	1
566	chr2	100879200	100879600	1
567	chr17	81055600	81056800	1
568	chr22	38104600	38105400	1
569	chr12	111046600	111047400	1
570	chr17	80343200	80343800	1
571	chr1	16067600	16068200	1
572	chr16	89666600	89667800	1
573	chr17	18881000	18882000	1
574	chr19	49019600	49020400	1
575	chr8	142443600	142444400	1
576	chr2	241551400	241552200	1
577	chr7	32804800	32805000	1
578	chr3	130739000	130739400	1
579	chr11	2482800	2483000	1
580	chr12	226600	227200	1
581	chr1	9622800	9623400	1
582	chr5	172156600	172157000	1
583	chr22	37377000	37378000	1
584	chr19	38422600	38423400	1
585	chr6	168091000	168091600	1
586	chr22	18057000	18057200	1
587	chr1	212187400	212188400	1
588	chr17	62101400	62103600	1
589	chr7	101934400	101934800	1
590	chr18	12414200	12414800	1
591	chr2	85749400	85750200	1
592	chr5	139138800	139139400	1
593	chr18	3643200	3643600	1
594	chr9	4821400	4821800	1
595	chr19	4732000	4732600	1
596	chr20	62171400	62172400	1
597	chr11	61524600	61526800	1
598	chr12	132362200	132362600	1
599	chr14	63936200	63936400	1
600	chr16	4329600	4330000	1
601	chr1	16018200	16018800	1
602	chr1	25025600	25026600	1
603	chr1	26092800	26093800	1
604	chr1	30660800	30661200	1
605	chr1	36983800	36985000	1
606	chr1	39541000	39541800	1
607	chr1	68381800	68382000	1
608	chr1	109980400	109981200	1
609	chr1	156867000	156868200	1
610	chr1	156880800	156881800	1
611	chr1	228525800	228526800	1
612	chr2	10457800	10459200	1
613	chr2	63651600	63652200	1
614	chr2	98355800	98356800	1
615	chr2	120764600	120765000	1
616	chr2	121004000	121004600	1
617	chr2	241674200	241674800	1
618	chr3	12727000	12727400	1
619	chr3	12797000	12797200	1
620	chr3	19896400	19896800	1
621	chr3	142962600	142963000	1
622	chr5	43518600	43519000	1
623	chr5	139536600	139537400	1
624	chr5	176983600	176983800	1
625	chr6	34164800	34165400	1
626	chr6	35017600	35018000	1
627	chr6	44171600	44172600	1
628	chr6	76315200	76316200	1
629	chr6	168261200	168261800	1
630	chr7	2450200	2450600	1
631	chr7	2614800	2615200	1
632	chr7	30933400	30934800	1
633	chr7	32586200	32586600	1
634	chr7	106319400	106320400	1
635	chr8	106601800	106602400	1
636	chr9	35940400	35940800	1
637	chr9	101854000	101854600	1
638	chr9	110438400	110438600	1
639	chr9	130414000	130415400	1
640	chr10	70600800	70601000	1
641	chr10	71067200	71067800	1
642	chr10	95631000	95631600	1
643	chr10	126599200	126599600	1
644	chr11	64766600	64767200	1
645	chr11	70588800	70589400	1
646	chr11	72465400	72467000	1
647	chr11	77740000	77740400	1
648	chr12	31902000	31902800	1
649	chr12	116624800	116625200	1
650	chr12	127646600	127647200	1
651	chr12	131930800	131931200	1
652	chr12	132131000	132131400	1
653	chr14	21785000	21785600	1
654	chr14	52327200	52327600	1
655	chr15	60772600	60773000	1
656	chr15	66661800	66662000	1
657	chr15	72995200	72995600	1
658	chr15	77789000	77789600	1
659	chr16	816400	817000	1
660	chr16	3068000	3068800	1
661	chr16	29964400	29964600	1
662	chr16	75486800	75487200	1
663	chr16	85408800	85410800	1
664	chr16	87993000	87993400	1
665	chr17	2026200	2027800	1
666	chr17	17508400	17508800	1
667	chr17	26578400	26578800	1
668	chr17	39952000	39952600	1
669	chr17	57370600	57371000	1
670	chr17	76243600	76243800	1
671	chr17	76244600	76246800	1
672	chr17	80869000	80869600	1
673	chr18	823400	823800	1
674	chr18	2830800	2831800	1
675	chr18	3055800	3056600	1
676	chr18	46354400	46356400	1
677	chr19	3855400	3855800	1
678	chr19	4987200	4988000	1
679	chr19	6402200	6403000	1
680	chr19	9737000	9737200	1
681	chr19	11268800	11269200	1
682	chr19	13091800	13092200	1
683	chr19	30111800	30112400	1
684	chr19	41092400	41092800	1
685	chr19	41400200	41400600	1
686	chr19	43951800	43952600	1
687	chr19	48918600	48919200	1
688	chr20	57189400	57189800	1
689	chr20	61272400	61272800	1
690	chr21	45258800	45259200	1
691	chr22	36302600	36302800	1
692	chr22	39892000	39892800	1
693	chr1	29459000	29459600	1
694	chr2	42280800	42281400	1
695	chr2	240152000	240152400	1
696	chr4	95818200	95818600	1
697	chr6	154760000	154760200	1
698	chr6	159165400	159166000	1
699	chr7	12687800	12688400	1
700	chr8	11872000	11872400	1
701	chr11	63276000	63276400	1
702	chr19	28887200	28887600	1
703	chr1	1120600	1121400	1
704	chr1	1927600	1928000	1
705	chr1	5996800	5998400	1
706	chr1	6329800	6330400	1
707	chr1	10594400	10595000	1
708	chr1	16125400	16126400	1
709	chr1	22133000	22134000	1
710	chr1	23598400	23598800	1
711	chr1	39210000	39212000	1
712	chr1	41020200	41020800	1
713	chr1	51178800	51179800	1
714	chr1	56975200	56975600	1
715	chr1	147319600	147320000	1
716	chr1	156033200	156034000	1
717	chr1	206660600	206660800	1
718	chr1	220137000	220138400	1
719	chr1	223442600	223443000	1
720	chr1	228659200	228661000	1
721	chr1	246232000	246232200	1
722	chr2	8726800	8727400	1
723	chr2	19986800	19987400	1
724	chr2	33358800	33359200	1
725	chr2	58349600	58350200	1
726	chr2	63189000	63189400	1
727	chr2	146447800	146448200	1
728	chr3	14291000	14291600	1
729	chr3	50412000	50412200	1
730	chr3	129063600	129063800	1
731	chr3	170468600	170470600	1
732	chr3	186426800	186427200	1
733	chr3	194836600	194837600	1
734	chr3	195858000	195858400	1
735	chr4	1352200	1353000	1
736	chr4	1869400	1869800	1
737	chr4	56595600	56597600	1
738	chr4	74364000	74364400	1
739	chr4	153945000	153945400	1
740	chr5	1076400	1077000	1
741	chr5	10536600	10537000	1
742	chr5	12614400	12616800	1
743	chr5	32218000	32218400	1
744	chr5	42983200	42984800	1
745	chr5	139142200	139144400	1
746	chr5	140736400	140737200	1
747	chr5	148747600	148748200	1
748	chr5	148772200	148772800	1
749	chr5	172446000	172446800	1
750	chr5	173173400	173173600	1
751	chr5	176551800	176552400	1
752	chr6	4922800	4924200	1
753	chr6	6929000	6929400	1
754	chr6	14666000	14666600	1
755	chr6	15901200	15902400	1
756	chr6	15904600	15905400	1
757	chr6	27642800	27643200	1
758	chr6	32167600	32168200	1
759	chr6	35674800	35675800	1
760	chr6	42151600	42152000	1
761	chr7	384000	384400	1
762	chr7	7087200	7088200	1
763	chr7	32886000	32886600	1
764	chr7	39277600	39277800	1
765	chr7	76235400	76235800	1
766	chr7	97072200	97072600	1
767	chr7	129865200	129866000	1
768	chr7	139842600	139843000	1
769	chr8	2645800	2646400	1
770	chr8	11207600	11209000	1
771	chr8	22743600	22744800	1
772	chr8	23363200	23363400	1
773	chr8	42623600	42624200	1
774	chr8	103823000	103823800	1
775	chr8	125451800	125452600	1
776	chr8	142302000	142302200	1
777	chr8	144017600	144018200	1
778	chr9	259800	260400	1
779	chr9	5499600	5499800	1
780	chr9	96572200	96574000	1
781	chr9	126025400	126026200	1
782	chr9	130904800	130905800	1
783	chr9	132209200	132209800	1
784	chr9	132227400	132228200	1
785	chr9	132719200	132719800	1
786	chr9	136997200	136997800	1
787	chr9	137207800	137208600	1
788	chr10	11745600	11746200	1
789	chr10	69633400	69634600	1
790	chr10	70473800	70474800	1
791	chr10	104523800	104525400	1
792	chr10	126430200	126430400	1
793	chr10	130353800	130354400	1
794	chr11	1864000	1865200	1
795	chr11	34007400	34007800	1
796	chr11	44634600	44637800	1
797	chr11	64054200	64055800	1
798	chr11	67779600	67782600	1
799	chr11	75100600	75101600	1
800	chr11	76146400	76146800	1
801	chr11	76364800	76365200	1
802	chr12	2950200	2951200	1
803	chr12	54399600	54400000	1
804	chr12	70447200	70447600	1
805	chr12	99139400	99139800	1
806	chr12	109089800	109090600	1
807	chr12	116697800	116698000	1
808	chr12	119992600	119992800	1
809	chr12	124912600	124913400	1
810	chr12	131479200	131480200	1
811	chr12	132335800	132336200	1
812	chr12	132369400	132369600	1
813	chr12	133177800	133178200	1
814	chr13	60275200	60275800	1
815	chr14	21738600	21738800	1
816	chr14	74100600	74101200	1
817	chr15	62344600	62344800	1
818	chr15	72806200	72806600	1
819	chr15	75882800	75883000	1
820	chr15	96514200	96515200	1
821	chr16	124200	125600	1
822	chr16	297000	297400	1
823	chr16	569000	569200	1
824	chr16	5257000	5257400	1
825	chr16	17965400	17965800	1
826	chr16	19143800	19144800	1
827	chr16	26909000	26909600	1
828	chr16	29303200	29305000	1
829	chr16	56409400	56410400	1
830	chr16	74455200	74455600	1
831	chr16	81222800	81223400	1
832	chr17	1496000	1496400	1
833	chr17	27231000	27232200	1
834	chr17	40108600	40109400	1
835	chr17	41958600	41959000	1
836	chr17	42848600	42849400	1
837	chr17	44812000	44812400	1
838	chr17	48869400	48869800	1
839	chr17	48877000	48877400	1
840	chr17	75321000	75321600	1
841	chr17	75434600	75435400	1
842	chr17	80086200	80086600	1
843	chr17	80650400	80650600	1
844	chr18	44698200	44700000	1
845	chr18	67627000	67627400	1
846	chr19	6093000	6093200	1
847	chr19	10347400	10347600	1
848	chr19	10446800	10447400	1
849	chr19	10861000	10861600	1
850	chr19	12682000	12682400	1
851	chr19	14218400	14218800	1
852	chr19	14429600	14430200	1
853	chr19	14889800	14892400	1
854	chr19	18503800	18504200	1
855	chr19	40932800	40934000	1
856	chr19	45096200	45097200	1
857	chr19	47265200	47266000	1
858	chr19	47530200	47531400	1
859	chr19	47812800	47813400	1
860	chr19	49078400	49078600	1
861	chr19	50839200	50840600	1
862	chr19	56655600	56656600	1
863	chr20	2645800	2646000	1
864	chr20	31270000	31270800	1
865	chr20	32380600	32382200	1
866	chr20	34496400	34499400	1
867	chr20	36971000	36972200	1
868	chr20	43952200	43952600	1
869	chr20	48658000	48658200	1
870	chr20	61398400	61398600	1
871	chr22	30634600	30635000	1
872	chr22	31579400	31580400	1
873	chr22	32061200	32061800	1
874	chr22	39184000	39184800	1
875	chr22	39686600	39687400	1
876	chr22	40002600	40003000	1
877	chr22	40308800	40310400	1
878	chr22	40323800	40326000	1
879	chr22	48486200	48486400	1
880	chr22	50098800	50099400	1
881	chr2	103007000	103008600	1
882	chr20	33701400	33702200	1
883	chr2	236366600	236368200	0
884	chr1	117929000	117929800	0
885	chr2	3368800	3369600	0
886	chr3	129296800	129297200	0
887	chr3	129343200	129345000	0
888	chr4	75277200	75277400	0
889	chr6	13272400	13273400	0
890	chr10	22506400	22506600	0
891	chr14	93787600	93787800	0
892	chr14	93787800	93788200	0
893	chr14	105842800	105843600	0
894	chr16	67841600	67841800	0
895	chr17	65154800	65155200	0
896	chr21	45258200	45258400	0
897	chr22	50200000	50200200	0
898	chr1	109371000	109371200	0
899	chr1	154461200	154462600	0
900	chr2	121695000	121696400	0
901	chr2	219284400	219285400	0
902	chr3	13933000	13933600	0
903	chr3	20008600	20009600	0
904	chr3	142947000	142948400	0
905	chr3	184468400	184469200	0
906	chr3	194270600	194271400	0
907	chr3	195907400	195908000	0
908	chr5	1539600	1540000	0
909	chr5	180591200	180591400	0
910	chr6	2908800	2909200	0
911	chr6	7073600	7074000	0
912	chr6	34523400	34524800	0
913	chr6	42110400	42111200	0
914	chr7	2997600	2998000	0
915	chr7	20371000	20371200	0
916	chr7	43826200	43826800	0
917	chr7	129433400	129433600	0
918	chr8	9034600	9035000	0
919	chr8	126429600	126430400	0
920	chr9	111897200	111898000	0
921	chr11	9552200	9552400	0
922	chr11	59447800	59448400	0
923	chr11	66150200	66150600	0
924	chr11	75801000	75801400	0
925	chr12	123736800	123737400	0
926	chr16	29284800	29287400	0
927	chr16	57892800	57893000	0
928	chr17	33358800	33359200	0
929	chr17	36811800	36814200	0
930	chr17	47857600	47858200	0
931	chr17	48787400	48788600	0
932	chr17	76275600	76276600	0
933	chr17	79274000	79274400	0
934	chr19	13094600	13095000	0
935	chr19	16263000	16263800	0
936	chr19	18396600	18397800	0
937	chr19	19514000	19514800	0
938	chr19	50643000	50644000	0
939	chr21	35342200	35345200	0
940	chr22	50622400	50623000	0
941	chr17	2689800	2690000	0
942	chr1	245083800	245084400	0
943	chr3	196500600	196501000	0
944	chr6	4889200	4889400	0
945	chr6	160386600	160388000	0
946	chr12	14410400	14411800	0
947	chr12	124871200	124871600	0
948	chr13	30982200	30982800	0
949	chr13	95619600	95620000	0
950	chr14	103823400	103825200	0
951	chr14	105532000	105534000	0
952	chr15	82325800	82326200	0
953	chr16	30506200	30507000	0
954	chr16	89231400	89232400	0
955	chr17	2690000	2690200	0
956	chr17	73507600	73507800	0
957	chr17	78960800	78962400	0
958	chr18	1852200	1852400	0
959	chr19	45716400	45716800	0
960	chr19	56114800	56115400	0
961	chr20	3117600	3117800	0
962	chr2	9473600	9474200	0
963	chr3	197030200	197030600	0
964	chr5	176741000	176743400	0
965	chr16	88700200	88700600	0
966	chr18	6781400	6781600	0
967	chr6	27235600	27236200	0
968	chr16	29663800	29665800	0
969	chr9	5851400	5851800	0
970	chr9	7055800	7056000	0
971	chr17	79361800	79363000	0
972	chr9	127838000	127838800	0
973	chr1	53512600	53514200	0
974	chr12	111234600	111235200	0
975	chr7	2758000	2758600	0
976	chr20	62409400	62410200	0
977	chr19	55083400	55083800	0
978	chr16	31005800	31006000	0
979	chr1	227125600	227127000	0
980	chr1	31588400	31589000	0
981	chr11	307600	307800	0
982	chr1	9834600	9835200	0
983	chr9	6412400	6412600	0
984	chr2	120580600	120581200	0
985	chr11	64701000	64703200	0
986	chr21	45225200	45226000	0
987	chr17	234800	235000	0
988	chr19	4871200	4872400	0
989	chr19	8097600	8099800	0
990	chr19	18518800	18519400	0
991	chr20	23118800	23120200	0
992	chr2	240736000	240736400	0
993	chr19	5125400	5125800	0
994	chr16	84557800	84558000	0
995	chr17	79608800	79610000	0
996	chr19	13117400	13118000	0
997	chr16	706600	707200	0
998	chr1	112204800	112205000	0
999	chr3	127456600	127457800	0
1000	chr4	13527400	13527600	0
1001	chr11	75266000	75266800	0
1002	chr12	107094200	107094600	0
1003	chr16	20941000	20941400	0
1004	chr17	21043400	21043800	0
1005	chr17	32256200	32257000	0
1006	chr17	61677200	61677400	0
1007	chr17	74273400	74273800	0
1008	chr9	95400	95600	0
1009	chr1	6325000	6325600	0
1010	chr19	18092800	18093800	0
1011	chr19	39693800	39695000	0
1012	chr1	21967400	21967800	0
1013	chr1	153955400	153955600	0
1014	chr2	33242400	33243400	0
1015	chr2	47618800	47619200	0
1016	chr5	5558600	5559200	0
1017	chr5	132585600	132585800	0
1018	chr6	5103400	5104200	0
1019	chr7	898200	898400	0
1020	chr7	95869200	95870400	0
1021	chr7	107724800	107725200	0
1022	chr12	57373400	57373800	0
1023	chr12	120911400	120912800	0
1024	chr14	74408400	74409000	0
1025	chr16	18927400	18930000	0
1026	chr17	32261400	32262000	0
1027	chr17	38479800	38481400	0
1028	chr18	9285000	9285200	0
1029	chr18	12616400	12616600	0
1030	chr19	7472800	7474000	0
1031	chr19	7482600	7483000	0
1032	chr19	39297200	39298200	0
1033	chr20	48669200	48670200	0
1034	chr20	61372400	61372600	0
1035	chr7	139937800	139939000	0
1036	chr1	205175600	205177600	0
1037	chr17	7110400	7112000	0
1038	chr17	73569000	73569600	0
1039	chr11	74405000	74405600	0
1040	chr7	73619200	73619800	0
1041	chr18	74504000	74504400	0
1042	chr22	42809600	42810600	0
1043	chr11	65131600	65133600	0
1044	chr7	128166600	128167000	0
1045	chr19	46416000	46416400	0
1046	chr19	3177800	3179600	0
1047	chr15	45242200	45242400	0
1048	chr9	130463600	130464000	0
1049	chr6	41956000	41956600	0
1050	chr8	141737400	141737800	0
1051	chr7	101371200	101372200	0
1052	chr2	238848000	238848600	0
1053	chr16	27759200	27760000	0
1054	chr8	22069400	22070000	0
1055	chr12	13034400	13035000	0
1056	chr16	68544000	68544600	0
1057	chr4	2389600	2390400	0
1058	chr22	18156400	18157800	0
1059	chr9	7150000	7150800	0
1060	chr7	100824200	100825600	0
1061	chr1	150506400	150507000	0
1062	chr19	18341800	18342400	0
1063	chr6	37142600	37146200	0
1064	chr20	46030600	46031000	0
1065	chr19	1484800	1485200	0
1066	chr6	21387200	21387600	0
1067	chr21	45135800	45137000	0
1068	chr16	2018200	2019000	0
1069	chr16	29666000	29667000	0
1070	chr19	2091400	2091600	0
1071	chr19	46518000	46519600	0
1072	chr2	232526600	232527400	0
1073	chr4	124468600	124469200	0
1074	chr20	52250400	52251800	0
1075	chr2	222436400	222437000	0
1076	chr1	228377600	228378400	0
1077	chr7	157130200	157132400	0
1078	chr18	46418800	46420600	0
1079	chr5	130719600	130720600	0
1080	chr1	2472000	2472400	0
1081	chr22	43739800	43740200	0
1082	chr11	2214000	2214800	0
1083	chr12	132332000	132333600	0
1084	chr19	48612800	48613600	0
1085	chr19	12957400	12957800	0
1086	chr8	10548000	10549200	0
1087	chr10	72327200	72327600	0
1088	chr19	56832600	56834200	0
1089	chr1	12586200	12587000	0
1090	chr1	21577200	21577400	0
1091	chr1	243266400	243267000	0
1092	chr2	55326400	55328200	0
1093	chr5	173205600	173206400	0
1094	chr5	173278600	173279000	0
1095	chr5	180241600	180242000	0
1096	chr5	180542000	180542800	0
1097	chr6	2733400	2734200	0
1098	chr8	124935600	124936800	0
1099	chr9	35922200	35923200	0
1100	chr9	137297000	137297600	0
1101	chr10	100670400	100671600	0
1102	chr11	126244000	126244400	0
1103	chr11	129907600	129908200	0
1104	chr12	50704200	50705000	0
1105	chr12	117034800	117035800	0
1106	chr12	131464400	131464800	0
1107	chr14	103519800	103520000	0
1108	chr15	41091000	41091400	0
1109	chr16	85641200	85641800	0
1110	chr17	58675600	58676200	0
1111	chr17	66012600	66012800	0
1112	chr17	73451000	73451600	0
1113	chr17	74372000	74372800	0
1114	chr19	6512800	6514000	0
1115	chr19	8488000	8488600	0
1116	chr19	29050000	29050800	0
1117	chr19	50268600	50269800	0
1118	chr20	17976200	17976600	0
1119	chr20	33494600	33495200	0
1120	chr17	1927000	1927400	0
1121	chr22	16097600	16098000	0
1122	chr1	54879000	54881000	0
1123	chr1	3598600	3598800	0
1124	chr3	45611800	45612200	0
1125	chr7	73866200	73867000	0
1126	chr11	14435200	14436000	0
1127	chr15	42915000	42915400	0
1128	chr22	27065600	27065800	0
1129	chr13	111145400	111146400	0
1130	chr15	96469600	96471800	0
1131	chr19	56090000	56091000	0
1132	chr20	61412000	61412600	0
1133	chr22	25122000	25122800	0
1134	chr4	1035200	1035600	0
1135	chr6	28919400	28919800	0
1136	chr9	132370400	132371600	0
1137	chr16	22057800	22059000	0
1138	chr16	70448000	70449600	0
1139	chr17	8127800	8128600	0
1140	chr17	38406400	38407800	0
1141	chr5	25073000	25073400	0
1142	chr6	32053400	32056200	0
1143	chr7	948200	948600	0
1144	chr19	6607600	6609200	0
1145	chr20	45829400	45830200	0
1146	chr22	40047000	40047400	0
1147	chr2	10198800	10201200	0
1148	chr6	3288200	3289200	0
1149	chr10	35695000	35697400	0
1150	chr11	3532600	3537600	0
1151	chr16	88632400	88633000	0
1152	chr17	17508800	17509400	0
1153	chr19	4988000	4989200	0
1154	chr19	7505000	7505600	0
1155	chr20	61047000	61047400	0
1156	chr22	42344800	42345400	0
1157	chr7	100045800	100046200	0
1158	chr9	238200	238800	0
1159	chr1	2157200	2157600	0
1160	chr1	6410400	6411600	0
1161	chr1	33608000	33608400	0
1162	chr1	118181600	118182600	0
1163	chr1	228074200	228074400	0
1164	chr2	74358600	74359800	0
1165	chr3	15417200	15417600	0
1166	chr3	183970400	183970600	0
1167	chr4	1777200	1778800	0
1168	chr4	123684400	123685200	0
1169	chr5	10735800	10736800	0
1170	chr5	141389800	141390400	0
1171	chr8	10529600	10530600	0
1172	chr8	141431000	141431400	0
1173	chr9	80514000	80514400	0
1174	chr11	745200	745400	0
1175	chr11	61783400	61784200	0
1176	chr12	116889400	116889800	0
1177	chr12	117496800	117498000	0
1178	chr13	113871000	113871400	0
1179	chr15	23700000	23700800	0
1180	chr16	215400	215600	0
1181	chr16	30788800	30790600	0
1182	chr16	88465200	88466000	0
1183	chr17	43571600	43572400	0
1184	chr18	9701600	9702000	0
1185	chr19	6358600	6358800	0
1186	chr19	13084000	13085000	0
1187	chr19	14448200	14448800	0
1188	chr19	48995200	48995600	0
1189	chr20	47403400	47404400	0
1190	chr22	50746800	50747400	0
1191	chr17	1492000	1493200	0
1192	chr1	39185200	39185800	0
1193	chr7	5005800	5006200	0
1194	chr9	5499800	5500200	0
1195	chr15	29219600	29220800	0
1196	chr15	64114600	64118600	0
1197	chr1	156676600	156676800	0
1198	chr12	122688800	122689200	0
1199	chr19	3480800	3481200	0
1200	chr7	2288400	2289400	0
1201	chr8	130564200	130565200	0
1202	chr12	123419600	123420000	0
1203	chr14	105629200	105632800	0
1204	chr16	667000	667400	0
1205	chr19	2028400	2028600	0
1206	chr19	5432800	5433800	0
1207	chr19	39019000	39019600	0
1208	chr19	42425400	42426200	0
1209	chr16	85436200	85437200	0
1210	chr19	17976000	17977200	0
1211	chr20	36743200	36743800	0
1212	chr20	46043000	46043600	0
1213	chr22	31690800	31691400	0
1214	chr5	8011800	8012400	0
1215	chr5	56507000	56507800	0
1216	chr12	132121600	132124000	0
1217	chr17	79620400	79621000	0
1218	chr18	7574600	7575000	0
1219	chr19	3586600	3587400	0
1220	chr1	12208200	12209200	0
1221	chr1	44300000	44301600	0
1222	chr16	29710400	29712400	0
1223	chr16	85723400	85724000	0
1224	chr19	3812200	3813000	0
1225	chr19	4610400	4610800	0
1226	chr19	49334000	49335200	0
1227	chr2	317600	317800	0
1228	chr16	88931600	88932400	0
1229	chr1	1001800	1003000	0
1230	chr19	1673200	1673800	0
1231	chr4	48740800	48741400	0
1232	chr7	158623200	158624800	0
1233	chr16	84514600	84516200	0
1234	chr7	157877400	157878000	0
1235	chr19	51012800	51013600	0
1236	chr1	156339000	156339400	0
1237	chr17	21671400	21672800	0
1238	chr9	276000	276200	0
1239	chr17	36187800	36188600	0
1240	chr19	1451400	1451800	0
1241	chr5	138718800	138720000	0
1242	chr17	49012600	49013800	0
1243	chr11	1051600	1052000	0
1244	chr2	100879200	100879600	0
1245	chr17	81055600	81056800	0
1246	chr22	38104600	38105400	0
1247	chr12	111046600	111047400	0
1248	chr17	80343200	80343800	0
1249	chr1	16067600	16068200	0
1250	chr16	89666600	89667800	0
1251	chr17	18881000	18882000	0
1252	chr19	49019600	49020400	0
1253	chr8	142443600	142444400	0
1254	chr2	241551400	241552200	0
1255	chr7	32804800	32805000	0
1256	chr3	130739000	130739400	0
1257	chr11	2482800	2483000	0
1258	chr12	226600	227200	0
1259	chr1	9622800	9623400	0
1260	chr5	172156600	172157000	0
1261	chr22	37377000	37378000	0
1262	chr19	38422600	38423400	0
1263	chr6	168091000	168091600	0
1264	chr22	18057000	18057200	0
1265	chr1	212187400	212188400	0
1266	chr17	62101400	62103600	0
1267	chr7	101934400	101934800	0
1268	chr18	12414200	12414800	0
1269	chr2	85749400	85750200	0
1270	chr5	139138800	139139400	0
1271	chr18	3643200	3643600	0
1272	chr9	4821400	4821800	0
1273	chr19	4732000	4732600	0
1274	chr20	62171400	62172400	0
1275	chr11	61524600	61526800	0
1276	chr12	132362200	132362600	0
1277	chr14	63936200	63936400	0
1278	chr16	4329600	4330000	0
1279	chr1	16018200	16018800	0
1280	chr1	25025600	25026600	0
1281	chr1	26092800	26093800	0
1282	chr1	30660800	30661200	0
1283	chr1	36983800	36985000	0
1284	chr1	39541000	39541800	0
1285	chr1	68381800	68382000	0
1286	chr1	109980400	109981200	0
1287	chr1	156867000	156868200	0
1288	chr1	156880800	156881800	0
1289	chr1	228525800	228526800	0
1290	chr2	10457800	10459200	0
1291	chr2	63651600	63652200	0
1292	chr2	98355800	98356800	0
1293	chr2	120764600	120765000	0
1294	chr2	121004000	121004600	0
1295	chr2	241674200	241674800	0
1296	chr3	12727000	12727400	0
1297	chr3	12797000	12797200	0
1298	chr3	19896400	19896800	0
1299	chr3	142962600	142963000	0
1300	chr5	43518600	43519000	0
1301	chr5	139536600	139537400	0
1302	chr5	176983600	176983800	0
1303	chr6	34164800	34165400	0
1304	chr6	35017600	35018000	0
1305	chr6	44171600	44172600	0
1306	chr6	76315200	76316200	0
1307	chr6	168261200	168261800	0
1308	chr7	2450200	2450600	0
1309	chr7	2614800	2615200	0
1310	chr7	30933400	30934800	0
1311	chr7	32586200	32586600	0
1312	chr7	106319400	106320400	0
1313	chr8	106601800	106602400	0
1314	chr9	35940400	35940800	0
1315	chr9	101854000	101854600	0
1316	chr9	110438400	110438600	0
1317	chr9	130414000	130415400	0
1318	chr10	70600800	70601000	0
1319	chr10	71067200	71067800	0
1320	chr10	95631000	95631600	0
1321	chr10	126599200	126599600	0
1322	chr11	64766600	64767200	0
1323	chr11	70588800	70589400	0
1324	chr11	72465400	72467000	0
1325	chr11	77740000	77740400	0
1326	chr12	31902000	31902800	0
1327	chr12	116624800	116625200	0
1328	chr12	127646600	127647200	0
1329	chr12	131930800	131931200	0
1330	chr12	132131000	132131400	0
1331	chr14	21785000	21785600	0
1332	chr14	52327200	52327600	0
1333	chr15	60772600	60773000	0
1334	chr15	66661800	66662000	0
1335	chr15	72995200	72995600	0
1336	chr15	77789000	77789600	0
1337	chr16	816400	817000	0
1338	chr16	3068000	3068800	0
1339	chr16	29964400	29964600	0
1340	chr16	75486800	75487200	0
1341	chr16	85408800	85410800	0
1342	chr16	87993000	87993400	0
1343	chr17	2026200	2027800	0
1344	chr17	17508400	17508800	0
1345	chr17	26578400	26578800	0
1346	chr17	39952000	39952600	0
1347	chr17	57370600	57371000	0
1348	chr17	76243600	76243800	0
1349	chr17	76244600	76246800	0
1350	chr17	80869000	80869600	0
1351	chr18	823400	823800	0
1352	chr18	2830800	2831800	0
1353	chr18	3055800	3056600	0
1354	chr18	46354400	46356400	0
1355	chr19	3855400	3855800	0
1356	chr19	4987200	4988000	0
1357	chr19	6402200	6403000	0
1358	chr19	9737000	9737200	0
1359	chr19	11268800	11269200	0
1360	chr19	13091800	13092200	0
1361	chr19	30111800	30112400	0
1362	chr19	41092400	41092800	0
1363	chr19	41400200	41400600	0
1364	chr19	43951800	43952600	0
1365	chr19	48918600	48919200	0
1366	chr20	57189400	57189800	0
1367	chr20	61272400	61272800	0
1368	chr21	45258800	45259200	0
1369	chr22	36302600	36302800	0
1370	chr22	39892000	39892800	0
1371	chr1	29459000	29459600	0
1372	chr2	42280800	42281400	0
1373	chr2	240152000	240152400	0
1374	chr4	95818200	95818600	0
1375	chr6	154760000	154760200	0
1376	chr6	159165400	159166000	0
1377	chr7	12687800	12688400	0
1378	chr8	11872000	11872400	0
1379	chr11	63276000	63276400	0
1380	chr19	28887200	28887600	0
1381	chr1	1120600	1121400	0
1382	chr1	1927600	1928000	0
1383	chr1	5996800	5998400	0
1384	chr1	6329800	6330400	0
1385	chr1	10594400	10595000	0
1386	chr1	16125400	16126400	0
1387	chr1	22133000	22134000	0
1388	chr1	23598400	23598800	0
1389	chr1	39210000	39212000	0
1390	chr1	41020200	41020800	0
1391	chr1	51178800	51179800	0
1392	chr1	56975200	56975600	0
1393	chr1	147319600	147320000	0
1394	chr1	156033200	156034000	0
1395	chr1	206660600	206660800	0
1396	chr1	220137000	220138400	0
1397	chr1	223442600	223443000	0
1398	chr1	228659200	228661000	0
1399	chr1	246232000	246232200	0
1400	chr2	8726800	8727400	0
1401	chr2	19986800	19987400	0
1402	chr2	33358800	33359200	0
1403	chr2	58349600	58350200	0
1404	chr2	63189000	63189400	0
1405	chr2	146447800	146448200	0
1406	chr3	14291000	14291600	0
1407	chr3	50412000	50412200	0
1408	chr3	129063600	129063800	0
1409	chr3	170468600	170470600	0
1410	chr3	186426800	186427200	0
1411	chr3	194836600	194837600	0
1412	chr3	195858000	195858400	0
1413	chr4	1352200	1353000	0
1414	chr4	1869400	1869800	0
1415	chr4	56595600	56597600	0
1416	chr4	74364000	74364400	0
1417	chr4	153945000	153945400	0
1418	chr5	1076400	1077000	0
1419	chr5	10536600	10537000	0
1420	chr5	12614400	12616800	0
1421	chr5	32218000	32218400	0
1422	chr5	42983200	42984800	0
1423	chr5	139142200	139144400	0
1424	chr5	140736400	140737200	0
1425	chr5	148747600	148748200	0
1426	chr5	148772200	148772800	0
1427	chr5	172446000	172446800	0
1428	chr5	173173400	173173600	0
1429	chr5	176551800	176552400	0
1430	chr6	4922800	4924200	0
1431	chr6	6929000	6929400	0
1432	chr6	14666000	14666600	0
1433	chr6	15901200	15902400	0
1434	chr6	15904600	15905400	0
1435	chr6	27642800	27643200	0
1436	chr6	32167600	32168200	0
1437	chr6	35674800	35675800	0
1438	chr6	42151600	42152000	0
1439	chr7	384000	384400	0
1440	chr7	7087200	7088200	0
1441	chr7	32886000	32886600	0
1442	chr7	39277600	39277800	0
1443	chr7	76235400	76235800	0
1444	chr7	97072200	97072600	0
1445	chr7	129865200	129866000	0
1446	chr7	139842600	139843000	0
1447	chr8	2645800	2646400	0
1448	chr8	11207600	11209000	0
1449	chr8	22743600	22744800	0
1450	chr8	23363200	23363400	0
1451	chr8	42623600	42624200	0
1452	chr8	103823000	103823800	0
1453	chr8	125451800	125452600	0
1454	chr8	142302000	142302200	0
1455	chr8	144017600	144018200	0
1456	chr9	259800	260400	0
1457	chr9	5499600	5499800	0
1458	chr9	96572200	96574000	0
1459	chr9	126025400	126026200	0
1460	chr9	130904800	130905800	0
1461	chr9	132209200	132209800	0
1462	chr9	132227400	132228200	0
1463	chr9	132719200	132719800	0
1464	chr9	136997200	136997800	0
1465	chr9	137207800	137208600	0
1466	chr10	11745600	11746200	0
1467	chr10	69633400	69634600	0
1468	chr10	70473800	70474800	0
1469	chr10	104523800	104525400	0
1470	chr10	126430200	126430400	0
1471	chr10	130353800	130354400	0
1472	chr11	1864000	1865200	0
1473	chr11	34007400	34007800	0
1474	chr11	44634600	44637800	0
1475	chr11	64054200	64055800	0
1476	chr11	67779600	67782600	0
1477	chr11	75100600	75101600	0
1478	chr11	76146400	76146800	0
1479	chr11	76364800	76365200	0
1480	chr12	2950200	2951200	0
1481	chr12	54399600	54400000	0
1482	chr12	70447200	70447600	0
1483	chr12	99139400	99139800	0
1484	chr12	109089800	109090600	0
1485	chr12	116697800	116698000	0
1486	chr12	119992600	119992800	0
1487	chr12	124912600	124913400	0
1488	chr12	131479200	131480200	0
1489	chr12	132335800	132336200	0
1490	chr12	132369400	132369600	0
1491	chr12	133177800	133178200	0
1492	chr13	60275200	60275800	0
1493	chr14	21738600	21738800	0
1494	chr14	74100600	74101200	0
1495	chr15	62344600	62344800	0
1496	chr15	72806200	72806600	0
1497	chr15	75882800	75883000	0
1498	chr15	96514200	96515200	0
1499	chr16	124200	125600	0
1500	chr16	297000	297400	0
1501	chr16	569000	569200	0
1502	chr16	5257000	5257400	0
1503	chr16	17965400	17965800	0
1504	chr16	19143800	19144800	0
1505	chr16	26909000	26909600	0
1506	chr16	29303200	29305000	0
1507	chr16	56409400	56410400	0
1508	chr16	74455200	74455600	0
1509	chr16	81222800	81223400	0
1510	chr17	1496000	1496400	0
1511	chr17	27231000	27232200	0
1512	chr17	40108600	40109400	0
1513	chr17	41958600	41959000	0
1514	chr17	42848600	42849400	0
1515	chr17	44812000	44812400	0
1516	chr17	48869400	48869800	0
1517	chr17	48877000	48877400	0
1518	chr17	75321000	75321600	0
1519	chr17	75434600	75435400	0
1520	chr17	80086200	80086600	0
1521	chr17	80650400	80650600	0
1522	chr18	44698200	44700000	0
1523	chr18	67627000	67627400	0
1524	chr19	6093000	6093200	0
1525	chr19	10347400	10347600	0
1526	chr19	10446800	10447400	0
1527	chr19	10861000	10861600	0
1528	chr19	12682000	12682400	0
1529	chr19	14218400	14218800	0
1530	chr19	14429600	14430200	0
1531	chr19	14889800	14892400	0
1532	chr19	18503800	18504200	0
1533	chr19	40932800	40934000	0
1534	chr19	45096200	45097200	0
1535	chr19	47265200	47266000	0
1536	chr19	47530200	47531400	0
1537	chr19	47812800	47813400	0
1538	chr19	49078400	49078600	0
1539	chr19	50839200	50840600	0
1540	chr19	56655600	56656600	0
1541	chr20	2645800	2646000	0
1542	chr20	31270000	31270800	0
1543	chr20	32380600	32382200	0
1544	chr20	34496400	34499400	0
1545	chr20	36971000	36972200	0
1546	chr20	43952200	43952600	0
1547	chr20	48658000	48658200	0
1548	chr20	61398400	61398600	0
1549	chr22	30634600	30635000	0
1550	chr22	31579400	31580400	0
1551	chr22	32061200	32061800	0
1552	chr22	39184000	39184800	0
1553	chr22	39686600	39687400	0
1554	chr22	40002600	40003000	0
1555	chr22	40308800	40310400	0
1556	chr22	40323800	40326000	0
1557	chr22	48486200	48486400	0
1558	chr22	50098800	50099400	0
1559	chr2	103007000	103008600	0
1560	chr20	33701400	33702200	0