id	Chromosome	Start	End	strand
1	chr3	196183400	196184400	1
2	chr2	137132400	137132800	1
3	chr14	73064400	73065600	1
4	chr22	19096800	19097400	1
5	chr12	117111800	117112000	1
6	chr17	80872800	80873400	1
7	chr3	196008200	196009000	1
8	chr9	38046600	38047200	1
9	chr6	37007600	37008000	1
10	chr14	93234800	93235200	1
11	chr1	9290200	9290800	1
12	chr5	319200	319400	1
13	chr12	113414600	113415200	1
14	chr17	79024400	79024600	1
15	chr9	38672600	38673000	1
16	chr2	95727200	95728400	1
17	chr1	113256000	113256200	1
18	chr2	65068400	65069400	1
19	chr7	23475000	23475200	1
20	chr10	18872000	18872600	1
21	chr17	42365800	42366400	1
22	chr18	55316600	55317000	1
23	chr16	11299000	11299400	1
24	chr1	205202800	205203400	1
25	chr3	129574200	129575400	1
26	chr4	38081000	38081200	1
27	chr7	70185200	70185800	1
28	chr11	47598000	47598400	1
29	chr11	128344200	128344400	1
30	chr16	9230200	9230400	1
31	chr20	57444800	57445200	1
32	chr17	62140200	62141000	1
33	chr6	3811000	3812000	1
34	chr17	76273800	76274200	1
35	chr17	74439400	74440400	1
36	chr6	3237600	3238400	1
37	chr9	36458400	36459200	1
38	chr9	22031800	22032000	1
39	chr6	143027200	143027600	1
40	chr3	111418200	111418600	1
41	chr8	11016800	11017200	1
42	chr9	90149600	90150600	1
43	chr13	27796000	27797200	1
44	chr13	111116200	111116800	1
45	chr16	2559600	2560600	1
46	chr17	40489200	40490000	1
47	chr10	82262400	82263600	1
48	chr1	44458800	44460400	1
49	chr9	5839200	5839400	1
50	chr3	176965400	176965600	1
51	chr7	148144800	148145000	1
52	chr17	76641800	76642600	1
53	chr20	17837400	17838400	1
54	chr3	196183400	196184400	0
55	chr2	137132400	137132800	0
56	chr14	73064400	73065600	0
57	chr22	19096800	19097400	0
58	chr12	117111800	117112000	0
59	chr17	80872800	80873400	0
60	chr3	196008200	196009000	0
61	chr9	38046600	38047200	0
62	chr6	37007600	37008000	0
63	chr14	93234800	93235200	0
64	chr1	9290200	9290800	0
65	chr5	319200	319400	0
66	chr12	113414600	113415200	0
67	chr17	79024400	79024600	0
68	chr9	38672600	38673000	0
69	chr2	95727200	95728400	0
70	chr1	113256000	113256200	0
71	chr2	65068400	65069400	0
72	chr7	23475000	23475200	0
73	chr10	18872000	18872600	0
74	chr17	42365800	42366400	0
75	chr18	55316600	55317000	0
76	chr16	11299000	11299400	0
77	chr1	205202800	205203400	0
78	chr3	129574200	129575400	0
79	chr4	38081000	38081200	0
80	chr7	70185200	70185800	0
81	chr11	47598000	47598400	0
82	chr11	128344200	128344400	0
83	chr16	9230200	9230400	0
84	chr20	57444800	57445200	0
85	chr17	62140200	62141000	0
86	chr6	3811000	3812000	0
87	chr17	76273800	76274200	0
88	chr17	74439400	74440400	0
89	chr6	3237600	3238400	0
90	chr9	36458400	36459200	0
91	chr9	22031800	22032000	0
92	chr6	143027200	143027600	0
93	chr3	111418200	111418600	0
94	chr8	11016800	11017200	0
95	chr9	90149600	90150600	0
96	chr13	27796000	27797200	0
97	chr13	111116200	111116800	0
98	chr16	2559600	2560600	0
99	chr17	40489200	40490000	0
100	chr10	82262400	82263600	0
101	chr1	44458800	44460400	0
102	chr9	5839200	5839400	0
103	chr3	176965400	176965600	0
104	chr7	148144800	148145000	0
105	chr17	76641800	76642600	0
106	chr20	17837400	17838400	0
107	chr17	80607400	80608400	1
108	chr19	35593800	35594800	1
109	chr10	71067200	71067800	1
110	chr16	2559800	2560800	1
111	chr12	70073400	70073600	1
112	chr20	17976200	17976600	1
113	chr1	46982400	46983400	1
114	chr8	48338400	48338800	1
115	chr16	26909000	26909600	1
116	chr16	808000	808400	1
117	chr6	36813000	36814400	1
118	chr11	113551200	113551800	1
119	chr19	5983200	5984200	1
120	chr9	38046600	38048200	1
121	chr5	104566600	104566800	1
122	chr16	9100600	9100800	1
123	chr21	44350000	44350600	1
124	chr5	318600	319400	1
125	chr11	1092800	1093000	1
126	chr7	5530800	5531200	1
127	chr3	139004800	139006800	1
128	chr15	72995200	72995600	1
129	chr15	29239200	29239800	1
130	chr2	71224000	71224400	1
131	chr4	74364000	74364400	1
132	chr10	15494800	15497400	1
133	chr22	41953400	41954600	1
134	chr3	12727000	12727400	1
135	chr6	37217200	37217400	1
136	chr14	23293600	23293800	1
137	chr17	74117200	74117800	1
138	chr6	34432800	34433000	1
139	chr9	101134000	101136400	1
140	chr10	18871600	18872400	1
141	chr11	14435200	14436000	1
142	chr20	46187600	46189200	1
143	chr6	3378400	3379000	1
144	chr1	6260200	6261000	1
145	chr1	110167800	110168800	1
146	chr1	228074200	228074400	1
147	chr3	127843600	127844200	1
148	chr3	129574400	129575800	1
149	chr7	5367400	5368000	1
150	chr11	38416600	38417000	1
151	chr11	119535800	119536000	1
152	chr17	55158800	55161400	1
153	chr20	36781200	36781400	1
154	chr22	27031200	27032200	1
155	chr15	64114600	64118600	1
156	chr22	42525000	42526000	1
157	chr7	100513600	100514600	1
158	chr1	228525800	228526800	1
159	chr8	141431000	141431400	1
160	chr16	85367400	85367800	1
161	chr6	34189800	34191000	1
162	chr10	70565600	70566000	1
163	chr16	30867400	30867600	1
164	chr5	56363200	56363800	1
165	chr18	3648800	3649000	1
166	chr11	12836200	12836800	1
167	chr14	93136600	93137000	1
168	chr7	2687400	2687600	1
169	chr8	10631200	10631600	1
170	chr19	2621800	2622000	1
171	chr5	176983600	176983800	1
172	chr17	74439400	74440400	1
173	chr19	56655600	56656600	1
174	chr2	63189000	63189400	1
175	chr12	21680200	21681200	1
176	chr16	11198600	11199800	1
177	chr1	27097600	27099200	1
178	chr2	54318600	54319000	1
179	chr19	12682000	12682400	1
180	chr9	116692400	116693800	1
181	chr17	13427800	13428000	1
182	chr19	53253000	53253600	1
183	chr3	12797000	12797200	1
184	chr6	3237600	3238000	1
185	chr15	64988600	64989400	1
186	chr19	35558400	35558600	1
187	chr2	28578000	28579400	1
188	chr10	82262800	82264400	1
189	chr12	24076000	24076200	1
190	chr15	35265000	35265200	1
191	chr19	50141000	50141400	1
192	chr22	32147200	32147800	1
193	chr1	44460000	44460400	1
194	chr5	173218800	173219800	1
195	chr7	66313800	66314200	1
196	chr7	100745200	100746200	1
197	chr2	113627600	113629400	1
198	chr5	32584600	32585200	1
199	chr5	132127600	132128200	1
200	chr7	99475600	99476000	1
201	chr7	138065200	138065800	1
202	chr7	158697200	158697600	1
203	chr8	128788800	128789000	1
204	chr9	119201000	119201800	1
205	chr10	101426600	101427400	1
206	chr11	18433600	18434000	1
207	chr12	122973400	122974200	1
208	chr13	25953200	25954800	1
209	chr15	63489600	63490200	1
210	chr15	90597400	90598400	1
211	chr19	6671200	6672600	1
212	chr19	10446800	10447400	1
213	chr19	55471200	55471600	1
214	chr22	31760600	31761000	1
215	chr22	37947000	37948400	1
216	chr4	156297600	156298000	1
217	chr17	80607400	80608400	0
218	chr19	35593800	35594800	0
219	chr10	71067200	71067800	0
220	chr16	2559800	2560800	0
221	chr12	70073400	70073600	0
222	chr20	17976200	17976600	0
223	chr1	46982400	46983400	0
224	chr8	48338400	48338800	0
225	chr16	26909000	26909600	0
226	chr16	808000	808400	0
227	chr6	36813000	36814400	0
228	chr11	113551200	113551800	0
229	chr19	5983200	5984200	0
230	chr9	38046600	38048200	0
231	chr5	104566600	104566800	0
232	chr16	9100600	9100800	0
233	chr21	44350000	44350600	0
234	chr5	318600	319400	0
235	chr11	1092800	1093000	0
236	chr7	5530800	5531200	0
237	chr3	139004800	139006800	0
238	chr15	72995200	72995600	0
239	chr15	29239200	29239800	0
240	chr2	71224000	71224400	0
241	chr4	74364000	74364400	0
242	chr10	15494800	15497400	0
243	chr22	41953400	41954600	0
244	chr3	12727000	12727400	0
245	chr6	37217200	37217400	0
246	chr14	23293600	23293800	0
247	chr17	74117200	74117800	0
248	chr6	34432800	34433000	0
249	chr9	101134000	101136400	0
250	chr10	18871600	18872400	0
251	chr11	14435200	14436000	0
252	chr20	46187600	46189200	0
253	chr6	3378400	3379000	0
254	chr1	6260200	6261000	0
255	chr1	110167800	110168800	0
256	chr1	228074200	228074400	0
257	chr3	127843600	127844200	0
258	chr3	129574400	129575800	0
259	chr7	5367400	5368000	0
260	chr11	38416600	38417000	0
261	chr11	119535800	119536000	0
262	chr17	55158800	55161400	0
263	chr20	36781200	36781400	0
264	chr22	27031200	27032200	0
265	chr15	64114600	64118600	0
266	chr22	42525000	42526000	0
267	chr7	100513600	100514600	0
268	chr1	228525800	228526800	0
269	chr8	141431000	141431400	0
270	chr16	85367400	85367800	0
271	chr6	34189800	34191000	0
272	chr10	70565600	70566000	0
273	chr16	30867400	30867600	0
274	chr5	56363200	56363800	0
275	chr18	3648800	3649000	0
276	chr11	12836200	12836800	0
277	chr14	93136600	93137000	0
278	chr7	2687400	2687600	0
279	chr8	10631200	10631600	0
280	chr19	2621800	2622000	0
281	chr5	176983600	176983800	0
282	chr17	74439400	74440400	0
283	chr19	56655600	56656600	0
284	chr2	63189000	63189400	0
285	chr12	21680200	21681200	0
286	chr16	11198600	11199800	0
287	chr1	27097600	27099200	0
288	chr2	54318600	54319000	0
289	chr19	12682000	12682400	0
290	chr9	116692400	116693800	0
291	chr17	13427800	13428000	0
292	chr19	53253000	53253600	0
293	chr3	12797000	12797200	0
294	chr6	3237600	3238000	0
295	chr15	64988600	64989400	0
296	chr19	35558400	35558600	0
297	chr2	28578000	28579400	0
298	chr10	82262800	82264400	0
299	chr12	24076000	24076200	0
300	chr15	35265000	35265200	0
301	chr19	50141000	50141400	0
302	chr22	32147200	32147800	0
303	chr1	44460000	44460400	0
304	chr5	173218800	173219800	0
305	chr7	66313800	66314200	0
306	chr7	100745200	100746200	0
307	chr2	113627600	113629400	0
308	chr5	32584600	32585200	0
309	chr5	132127600	132128200	0
310	chr7	99475600	99476000	0
311	chr7	138065200	138065800	0
312	chr7	158697200	158697600	0
313	chr8	128788800	128789000	0
314	chr9	119201000	119201800	0
315	chr10	101426600	101427400	0
316	chr11	18433600	18434000	0
317	chr12	122973400	122974200	0
318	chr13	25953200	25954800	0
319	chr15	63489600	63490200	0
320	chr15	90597400	90598400	0
321	chr19	6671200	6672600	0
322	chr19	10446800	10447400	0
323	chr19	55471200	55471600	0
324	chr22	31760600	31761000	0
325	chr22	37947000	37948400	0
326	chr4	156297600	156298000	0